hbarc = 197.327
m_neutron = 939.565421
m_proton = 938.272089
m = 938.918755
pot = chiral
map = trns
Nq = 40
Nq1 = 25
p1 = 2.5
p2 = 6.0
p3 = 30.0
Jmax = 4
Elab = [1.e-03 1.e-02 1.e-01 1.e+00 1.e+01 2.e+01 5.e+01 1.e+02 2.e+02 3.e+02]
channel = np
factor = 0.6366197723675814
load_pot = False
pot_file = benchmark_chiral_Nq40
output = benchmark_chiral_Nq40
seed = 213
Ntrain = 20
Ntest = 20
tol = 1e-12
