hbarc = 197.327
m_neutron = 939.565421
m_proton = 938.272089
m = 938.918755
pot = chiral
map = trns
Nq = 40
Nq1 = 25
p1 = 2.5
p2 = 6.0
p3 = 30.0
Jmax = 1
Elab = [20.]
channel = np
factor = 0.6366197723675814
load_pot = False
pot_file = benchmark_emulator_Nq40
output = benchmark_emulator_Nq40
seed = 213
Ntrain = 20
Ncand = 20
Ntest = 20
svd_tol = 1e-08
err_tol = 1e-08
