hbarc = 197.327
m_neutron = 939.565421
m_proton = 938.272089
m = 938.918755
pot = chiral
factor = 0.6366197723675814
map = trns
Nq = 40
Nq1 = 30
p1 = 2.5
p2 = 10.0
p3 = 30.0
channel = np
Jmax = 1
Elab = [20.]
load_pot = False
pot_file = chiral_Nq40
output = time_chiral_Nq40
seed = 213
Ncand = 100
Ntest = 100
Ninit = 2
Nmax = 20
resample_val = False
Nval = 100
svd_tol = 1e-05
err_tol = 1e-08
